   1.0000000e-02  -8.0516432e-01  -8.1514477e-01
   2.0000000e-02  -8.0516432e-01  -8.1514451e-01
   3.0000000e-02  -8.0516432e-01  -8.1514218e-01
   4.0000000e-02  -8.0516432e-01  -8.1512784e-01
   5.0000000e-02  -8.0516432e-01  -8.1509607e-01
   6.0000000e-02  -8.0516432e-01  -8.1312802e-01
   7.0000000e-02  -8.0516432e-01  -8.0972361e-01
   8.0000000e-02  -8.0516432e-01  -8.0441274e-01
   9.0000000e-02  -8.0516432e-01  -7.9710038e-01
   1.0000000e-01  -8.0516432e-01  -7.8957855e-01
   1.1000000e-01  -8.0516432e-01  -7.8014449e-01
   1.2000000e-01  -8.0516432e-01  -7.7034821e-01
   1.3000000e-01  -8.0516432e-01  -7.6079571e-01
   1.4000000e-01  -8.0516432e-01  -7.5073747e-01
   1.5000000e-01  -8.0516432e-01  -7.4044782e-01
   1.6000000e-01  -8.0516432e-01  -7.3280782e-01
   1.7000000e-01  -8.0516432e-01  -7.2491963e-01
   1.8000000e-01  -8.0516432e-01  -7.1678495e-01
   1.9000000e-01  -8.0516432e-01  -7.0821244e-01
   2.0000000e-01  -8.0516432e-01  -6.9915479e-01
   2.1000000e-01  -8.0516432e-01  -6.8989378e-01
   2.2000000e-01  -8.0516432e-01  -6.8051526e-01
   2.3000000e-01  -8.0516432e-01  -6.7097298e-01
   2.4000000e-01  -8.0516432e-01  -6.6118580e-01
   2.5000000e-01  -8.0516432e-01  -6.5157162e-01
   2.6000000e-01  -8.0516432e-01  -6.4160968e-01
   2.7000000e-01  -8.0516432e-01  -6.3149211e-01
   2.8000000e-01  -8.0516432e-01  -6.2144330e-01
   2.9000000e-01  -8.0516432e-01  -6.1135522e-01
   3.0000000e-01  -8.0516432e-01  -6.0145612e-01
   3.1000000e-01  -8.0516432e-01  -5.9189509e-01
   3.2000000e-01  -8.0516432e-01  -5.8213943e-01
   3.3000000e-01  -8.0516432e-01  -5.7236539e-01
   3.4000000e-01  -8.0516432e-01  -5.6234912e-01
   3.5000000e-01  -8.0516430e-01  -5.5281263e-01
   3.6000000e-01  -8.0516439e-01  -5.4351346e-01
   3.7000000e-01  -8.0516407e-01  -5.3425397e-01
   3.8000000e-01  -8.0516503e-01  -5.2489999e-01
   3.9000000e-01  -8.0516256e-01  -5.1540797e-01
   4.0000000e-01  -8.0516743e-01  -5.0599885e-01
   4.1000000e-01  -8.0516399e-01  -4.9691680e-01
   4.2000000e-01  -8.0500989e-01  -4.8809576e-01
   4.3000000e-01  -8.0485254e-01  -4.7954448e-01
   4.4000000e-01  -8.0458761e-01  -4.7092240e-01
   4.5000000e-01  -8.0416896e-01  -4.6202202e-01
   4.6000000e-01  -8.0359257e-01  -4.5287017e-01
   4.7000000e-01  -8.0293762e-01  -4.4348411e-01
   4.8000000e-01  -8.0227329e-01  -4.3406288e-01
   4.9000000e-01  -8.0141914e-01  -4.2443366e-01
   5.0000000e-01  -8.0027679e-01  -4.1447142e-01
   5.1000000e-01  -7.9898991e-01  -4.0408113e-01
   5.2000000e-01  -7.9757799e-01  -3.9343165e-01
   5.3000000e-01  -7.9588739e-01  -3.8251676e-01
   5.4000000e-01  -7.9399709e-01  -3.7136103e-01
   5.5000000e-01  -7.9197976e-01  -3.6034954e-01
   5.6000000e-01  -7.8981651e-01  -3.4938570e-01
   5.7000000e-01  -7.8750080e-01  -3.3832655e-01
   5.8000000e-01  -7.8506328e-01  -3.2724223e-01
   5.9000000e-01  -7.8263562e-01  -3.1620772e-01
   6.0000000e-01  -7.8020709e-01  -3.0493488e-01
   6.1000000e-01  -7.7778319e-01  -2.9393306e-01
   6.2000000e-01  -7.7533230e-01  -2.8295041e-01
   6.3000000e-01  -7.7306154e-01  -2.7206850e-01
   6.4000000e-01  -7.7118886e-01  -2.6083939e-01
   6.5000000e-01  -7.6975107e-01  -2.4933435e-01
   6.6000000e-01  -7.6875641e-01  -2.3791204e-01
   6.7000000e-01  -7.6816369e-01  -2.2650775e-01
   6.8000000e-01  -7.6786013e-01  -2.1522494e-01
   6.9000000e-01  -7.6798381e-01  -2.0389666e-01
   7.0000000e-01  -7.6854800e-01  -1.9256966e-01
   7.1000000e-01  -7.6970975e-01  -1.8128356e-01
   7.2000000e-01  -7.7120205e-01  -1.6983371e-01
   7.3000000e-01  -7.7309585e-01  -1.5848556e-01
   7.4000000e-01  -7.7536199e-01  -1.4720988e-01
   7.5000000e-01  -7.7795095e-01  -1.3602701e-01
   7.6000000e-01  -7.8093084e-01  -1.2487547e-01
   7.7000000e-01  -7.8419812e-01  -1.1366826e-01
   7.8000000e-01  -7.8780031e-01  -1.0290392e-01
   7.9000000e-01  -7.9169834e-01  -9.1742788e-02
   8.0000000e-01  -7.9573523e-01  -8.0398350e-02
   8.1000000e-01  -7.9990210e-01  -6.8652200e-02
   8.2000000e-01  -8.0433695e-01  -5.6887360e-02
   8.3000000e-01  -8.0900323e-01  -4.4953786e-02
   8.4000000e-01  -8.1370201e-01  -3.2770902e-02
   8.5000000e-01  -8.1825043e-01  -2.0675258e-02
   8.6000000e-01  -8.2282672e-01  -8.3180410e-03
   8.7000000e-01  -8.2738260e-01   3.9052880e-03
   8.8000000e-01  -8.3164638e-01   1.6099362e-02
   8.9000000e-01  -8.3563062e-01   2.8416131e-02
   9.0000000e-01  -8.3923260e-01   4.0796047e-02
   9.1000000e-01  -8.4236025e-01   5.3252324e-02
   9.2000000e-01  -8.4461153e-01   6.5711646e-02
   9.3000000e-01  -8.4551935e-01   7.7870723e-02
   9.4000000e-01  -8.4499315e-01   8.9944666e-02
   9.5000000e-01  -8.4318559e-01   1.0214662e-01
   9.6000000e-01  -8.4039801e-01   1.1420543e-01
   9.7000000e-01  -8.3705258e-01   1.2628684e-01
   9.8000000e-01  -8.3271096e-01   1.3823674e-01
   9.9000000e-01  -8.2759187e-01   1.5027057e-01
   1.0000000e+00  -8.2154958e-01   1.6236317e-01
   1.0100000e+00  -8.1477787e-01   1.7439468e-01
   1.0200000e+00  -8.0754624e-01   1.8622932e-01
   1.0300000e+00  -7.9961112e-01   1.9777585e-01
   1.0400000e+00  -7.9090055e-01   2.0919282e-01
   1.0500000e+00  -7.8085851e-01   2.2015137e-01
   1.0600000e+00  -7.6962934e-01   2.3057619e-01
   1.0700000e+00  -7.5776372e-01   2.4075401e-01
   1.0800000e+00  -7.4548739e-01   2.4999931e-01
   1.0900000e+00  -7.3276295e-01   2.5850901e-01
   1.1000000e+00  -7.1964490e-01   2.6621290e-01
   1.1100000e+00  -7.0598212e-01   2.7334988e-01
   1.1200000e+00  -6.9161609e-01   2.7996564e-01
   1.1300000e+00  -6.7709920e-01   2.8599699e-01
   1.1400000e+00  -6.6258720e-01   2.9175390e-01
   1.1500000e+00  -6.4789649e-01   2.9693138e-01
   1.1600000e+00  -6.3320227e-01   3.0206405e-01
   1.1700000e+00  -6.1853424e-01   3.0728253e-01
   1.1800000e+00  -6.0392688e-01   3.1206517e-01
   1.1900000e+00  -5.8957412e-01   3.1647407e-01
   1.2000000e+00  -5.7557451e-01   3.2054412e-01
   1.2100000e+00  -5.6212391e-01   3.2424646e-01
   1.2200000e+00  -5.4948225e-01   3.2781476e-01
   1.2300000e+00  -5.3769774e-01   3.3095142e-01
   1.2400000e+00  -5.2631607e-01   3.3397290e-01
   1.2500000e+00  -5.1530115e-01   3.3672450e-01
   1.2600000e+00  -5.0448815e-01   3.3952274e-01
   1.2700000e+00  -4.9385721e-01   3.4235745e-01
   1.2800000e+00  -4.8332230e-01   3.4502804e-01
   1.2900000e+00  -4.7328024e-01   3.4774477e-01
   1.3000000e+00  -4.6345758e-01   3.5043766e-01
   1.3100000e+00  -4.5367599e-01   3.5305587e-01
   1.3200000e+00  -4.4438354e-01   3.5562520e-01
   1.3300000e+00  -4.3570065e-01   3.5791851e-01
   1.3400000e+00  -4.2804875e-01   3.6021722e-01
   1.3500000e+00  -4.2120774e-01   3.6253406e-01
   1.3600000e+00  -4.1467493e-01   3.6480047e-01
   1.3700000e+00  -4.0850141e-01   3.6724286e-01
   1.3800000e+00  -4.0270502e-01   3.6984579e-01
   1.3900000e+00  -3.9696663e-01   3.7254751e-01
   1.4000000e+00  -3.9151390e-01   3.7580445e-01
   1.4100000e+00  -3.8659330e-01   3.7903541e-01
   1.4200000e+00  -3.8179919e-01   3.8222327e-01
   1.4300000e+00  -3.7686950e-01   3.8582050e-01
   1.4400000e+00  -3.7202737e-01   3.8952652e-01
   1.4500000e+00  -3.6711695e-01   3.9315304e-01
   1.4600000e+00  -3.6221082e-01   3.9668473e-01
   1.4700000e+00  -3.5742006e-01   4.0029458e-01
   1.4800000e+00  -3.5256454e-01   4.0415017e-01
   1.4900000e+00  -3.4757102e-01   4.0801901e-01
   1.5000000e+00  -3.4258797e-01   4.1210719e-01
   1.5100000e+00  -3.3760422e-01   4.1634992e-01
   1.5200000e+00  -3.3251423e-01   4.2087802e-01
   1.5300000e+00  -3.2742227e-01   4.2551953e-01
   1.5400000e+00  -3.2227580e-01   4.3042085e-01
   1.5500000e+00  -3.1709005e-01   4.3508741e-01
   1.5600000e+00  -3.1213085e-01   4.3973432e-01
   1.5700000e+00  -3.0727662e-01   4.4441546e-01
   1.5800000e+00  -3.0226654e-01   4.4876493e-01
   1.5900000e+00  -2.9729365e-01   4.5319499e-01
   1.6000000e+00  -2.9215079e-01   4.5794140e-01
   1.6100000e+00  -2.8685506e-01   4.6269371e-01
   1.6200000e+00  -2.8129794e-01   4.6762343e-01
   1.6300000e+00  -2.7552994e-01   4.7290195e-01
   1.6400000e+00  -2.6966878e-01   4.7826727e-01
   1.6500000e+00  -2.6367656e-01   4.8375169e-01
   1.6600000e+00  -2.5745316e-01   4.8935629e-01
   1.6700000e+00  -2.5100400e-01   4.9509821e-01
   1.6800000e+00  -2.4444627e-01   5.0129966e-01
   1.6900000e+00  -2.3771001e-01   5.0724902e-01
   1.7000000e+00  -2.3092931e-01   5.1321153e-01
   1.7100000e+00  -2.2416339e-01   5.1945465e-01
   1.7200000e+00  -2.1756101e-01   5.2537677e-01
   1.7300000e+00  -2.1096188e-01   5.3133181e-01
   1.7400000e+00  -2.0439394e-01   5.3736387e-01
   1.7500000e+00  -1.9779187e-01   5.4312231e-01
   1.7600000e+00  -1.9118427e-01   5.4870998e-01
   1.7700000e+00  -1.8476888e-01   5.5406906e-01
   1.7800000e+00  -1.7864023e-01   5.5943556e-01
   1.7900000e+00  -1.7264754e-01   5.6451373e-01
   1.8000000e+00  -1.6679243e-01   5.6917165e-01
   1.8100000e+00  -1.6118526e-01   5.7355746e-01
   1.8200000e+00  -1.5601592e-01   5.7754572e-01
   1.8300000e+00  -1.5111112e-01   5.8127458e-01
   1.8400000e+00  -1.4631581e-01   5.8490780e-01
   1.8500000e+00  -1.4167350e-01   5.8837742e-01
   1.8600000e+00  -1.3717546e-01   5.9175597e-01
   1.8700000e+00  -1.3100048e-01   5.9664709e-01
   1.8800000e+00  -1.2486289e-01   6.0129246e-01
   1.8900000e+00  -1.1875733e-01   6.0584966e-01
   1.9000000e+00  -1.1272614e-01   6.1042258e-01
   1.9100000e+00  -1.0720577e-01   6.1449307e-01
   1.9200000e+00  -1.0316566e-01   6.1659048e-01
   1.9300000e+00  -9.9827050e-02   6.1825147e-01
   1.9400000e+00  -9.7342728e-02   6.1921673e-01
   1.9500000e+00  -9.6232908e-02   6.1915695e-01
   1.9600000e+00  -9.6245101e-02   6.1915339e-01
   1.9700000e+00  -9.6244479e-02   6.1915357e-01
   1.9800000e+00  -9.6244185e-02   6.1915366e-01
   1.9900000e+00  -9.6244137e-02   6.1915367e-01
   2.0000000e+00  -9.6244131e-02   6.1915367e-01
