   1.0000000e-02  -8.0985915e-01  -7.9732739e-01
   2.0000000e-02  -8.0985915e-01  -7.9732739e-01
   3.0000000e-02  -8.0985915e-01  -7.9732739e-01
   4.0000000e-02  -8.0985915e-01  -7.9732739e-01
   5.0000000e-02  -8.0985915e-01  -7.9732739e-01
   6.0000000e-02  -8.0985915e-01  -7.9732739e-01
   7.0000000e-02  -8.0985915e-01  -7.9732739e-01
   8.0000000e-02  -8.0985915e-01  -7.9732739e-01
   9.0000000e-02  -8.0985915e-01  -7.9732739e-01
   1.0000000e-01  -8.0985915e-01  -7.9732739e-01
   1.1000000e-01  -8.0985915e-01  -7.9732739e-01
   1.2000000e-01  -8.0985915e-01  -7.9732739e-01
   1.3000000e-01  -8.0985915e-01  -7.9732739e-01
   1.4000000e-01  -8.0985915e-01  -7.9732739e-01
   1.5000000e-01  -8.0985915e-01  -7.9732739e-01
   1.6000000e-01  -8.0985915e-01  -7.9732739e-01
   1.7000000e-01  -8.0985915e-01  -7.9732739e-01
   1.8000000e-01  -8.0985915e-01  -7.9732739e-01
   1.9000000e-01  -8.0985915e-01  -7.9732739e-01
   2.0000000e-01  -8.0985915e-01  -7.9732739e-01
   2.1000000e-01  -8.0985915e-01  -7.9732739e-01
   2.2000000e-01  -8.0985915e-01  -7.9732739e-01
   2.3000000e-01  -8.0985915e-01  -7.9732739e-01
   2.4000000e-01  -8.0985915e-01  -7.9732731e-01
   2.5000000e-01  -8.0985915e-01  -7.9732663e-01
   2.6000000e-01  -8.0985915e-01  -7.9732257e-01
   2.7000000e-01  -8.0985915e-01  -7.9701514e-01
   2.8000000e-01  -8.0985915e-01  -7.9671056e-01
   2.9000000e-01  -8.0985915e-01  -7.9624689e-01
   3.0000000e-01  -8.0985915e-01  -7.9564155e-01
   3.1000000e-01  -8.0985915e-01  -7.9503423e-01
   3.2000000e-01  -8.0985915e-01  -7.9412461e-01
   3.3000000e-01  -8.0985915e-01  -7.9321288e-01
   3.4000000e-01  -8.0985914e-01  -7.9200985e-01
   3.5000000e-01  -8.0985900e-01  -7.9049191e-01
   3.6000000e-01  -8.0985682e-01  -7.8884567e-01
   3.7000000e-01  -8.0982504e-01  -7.8689284e-01
   3.8000000e-01  -8.1016849e-01  -7.8474658e-01
   3.9000000e-01  -8.1049382e-01  -7.8232046e-01
   4.0000000e-01  -8.1081772e-01  -7.7986147e-01
   4.1000000e-01  -8.1114151e-01  -7.7731340e-01
   4.2000000e-01  -8.1146529e-01  -7.7443780e-01
   4.3000000e-01  -8.1178907e-01  -7.7144076e-01
   4.4000000e-01  -8.1211286e-01  -7.6811585e-01
   4.5000000e-01  -8.1243664e-01  -7.6473636e-01
   4.6000000e-01  -8.1276042e-01  -7.6128863e-01
   4.7000000e-01  -8.1308420e-01  -7.5751106e-01
   4.8000000e-01  -8.1340798e-01  -7.5359952e-01
   4.9000000e-01  -8.1373176e-01  -7.4954152e-01
   5.0000000e-01  -8.1405555e-01  -7.4535161e-01
   5.1000000e-01  -8.1437933e-01  -7.4089499e-01
   5.2000000e-01  -8.1470311e-01  -7.3621773e-01
   5.3000000e-01  -8.1502689e-01  -7.3147160e-01
   5.4000000e-01  -8.1535067e-01  -7.2655177e-01
   5.5000000e-01  -8.1567445e-01  -7.2147090e-01
   5.6000000e-01  -8.1599824e-01  -7.1671791e-01
   5.7000000e-01  -8.1632202e-01  -7.1179394e-01
   5.8000000e-01  -8.1664580e-01  -7.0687434e-01
   5.9000000e-01  -8.1696958e-01  -7.0194267e-01
   6.0000000e-01  -8.1729336e-01  -6.9685784e-01
   6.1000000e-01  -8.1761715e-01  -6.9190140e-01
   6.2000000e-01  -8.1794093e-01  -6.8681056e-01
   6.3000000e-01  -8.1826472e-01  -6.8186475e-01
   6.4000000e-01  -8.1858865e-01  -6.7693140e-01
   6.5000000e-01  -8.1891461e-01  -6.7181273e-01
   6.6000000e-01  -8.1927017e-01  -6.6685083e-01
   6.7000000e-01  -8.1925050e-01  -6.6177948e-01
   6.8000000e-01  -8.1924896e-01  -6.5668155e-01
   6.9000000e-01  -8.1924884e-01  -6.5147312e-01
   7.0000000e-01  -8.1924883e-01  -6.4619305e-01
   7.1000000e-01  -8.1924883e-01  -6.4107867e-01
   7.2000000e-01  -8.1924883e-01  -6.3609836e-01
   7.3000000e-01  -8.1924883e-01  -6.3127416e-01
   7.4000000e-01  -8.1924890e-01  -6.2637877e-01
   7.5000000e-01  -8.1924994e-01  -6.2140812e-01
   7.6000000e-01  -8.1926525e-01  -6.1675046e-01
   7.7000000e-01  -8.1909426e-01  -6.1193052e-01
   7.8000000e-01  -8.1893165e-01  -6.0713775e-01
   7.9000000e-01  -8.1876971e-01  -6.0227530e-01
   8.0000000e-01  -8.1860781e-01  -5.9752182e-01
   8.1000000e-01  -8.1844592e-01  -5.9283302e-01
   8.2000000e-01  -8.1828400e-01  -5.8803937e-01
   8.3000000e-01  -8.1812178e-01  -5.8336205e-01
   8.4000000e-01  -8.1795529e-01  -5.7864090e-01
   8.5000000e-01  -8.1770524e-01  -5.7356121e-01
   8.6000000e-01  -8.1738575e-01  -5.6822999e-01
   8.7000000e-01  -8.1706228e-01  -5.6295315e-01
   8.8000000e-01  -8.1673853e-01  -5.5750006e-01
   8.9000000e-01  -8.1641475e-01  -5.5208236e-01
   9.0000000e-01  -8.1609096e-01  -5.4652006e-01
   9.1000000e-01  -8.1576718e-01  -5.4078981e-01
   9.2000000e-01  -8.1544340e-01  -5.3490218e-01
   9.3000000e-01  -8.1511962e-01  -5.2901046e-01
   9.4000000e-01  -8.1479587e-01  -5.2308339e-01
   9.5000000e-01  -8.1447246e-01  -5.1682139e-01
   9.6000000e-01  -8.1415347e-01  -5.1029716e-01
   9.7000000e-01  -8.1389373e-01  -5.0359239e-01
   9.8000000e-01  -8.1387184e-01  -4.9643560e-01
   9.9000000e-01  -8.1422558e-01  -4.8888262e-01
   1.0000000e+00  -8.1459539e-01  -4.8118030e-01
   1.0100000e+00  -8.1527369e-01  -4.7314964e-01
   1.0200000e+00  -8.1626940e-01  -4.6467383e-01
   1.0300000e+00  -8.1759162e-01  -4.5588506e-01
   1.0400000e+00  -8.1938125e-01  -4.4630174e-01
   1.0500000e+00  -8.2147599e-01  -4.3629473e-01
   1.0600000e+00  -8.2407415e-01  -4.2566992e-01
   1.0700000e+00  -8.2698660e-01  -4.1410151e-01
   1.0800000e+00  -8.3021505e-01  -4.0212887e-01
   1.0900000e+00  -8.3345174e-01  -3.8956860e-01
   1.1000000e+00  -8.3668944e-01  -3.7578888e-01
   1.1100000e+00  -8.3992727e-01  -3.6094636e-01
   1.1200000e+00  -8.4316542e-01  -3.4557505e-01
   1.1300000e+00  -8.4640784e-01  -3.2959604e-01
   1.1400000e+00  -8.4973387e-01  -3.1336105e-01
   1.1500000e+00  -8.5313005e-01  -2.9712267e-01
   1.1600000e+00  -8.5654077e-01  -2.8061971e-01
   1.1700000e+00  -8.5964507e-01  -2.6369291e-01
   1.1800000e+00  -8.6272266e-01  -2.4665200e-01
   1.1900000e+00  -8.6579393e-01  -2.2940095e-01
   1.2000000e+00  -8.6875575e-01  -2.1165413e-01
   1.2100000e+00  -8.7158537e-01  -1.9386289e-01
   1.2200000e+00  -8.7417836e-01  -1.7589023e-01
   1.2300000e+00  -8.7649000e-01  -1.5790873e-01
   1.2400000e+00  -8.7866349e-01  -1.3987923e-01
   1.2500000e+00  -8.8069538e-01  -1.2223612e-01
   1.2600000e+00  -8.8235350e-01  -1.0449712e-01
   1.2700000e+00  -8.8334985e-01  -8.6936264e-02
   1.2800000e+00  -8.8361892e-01  -6.9364808e-02
   1.2900000e+00  -8.8364779e-01  -5.1801712e-02
   1.3000000e+00  -8.8330772e-01  -3.4482358e-02
   1.3100000e+00  -8.8241089e-01  -1.7776761e-02
   1.3200000e+00  -8.8090586e-01  -1.5096533e-03
   1.3300000e+00  -8.7885115e-01   1.3819423e-02
   1.3400000e+00  -8.7622614e-01   2.8707949e-02
   1.3500000e+00  -8.7291635e-01   4.2682432e-02
   1.3600000e+00  -8.6867300e-01   5.5594019e-02
   1.3700000e+00  -8.6341526e-01   6.7899799e-02
   1.3800000e+00  -8.5733624e-01   7.9460191e-02
   1.3900000e+00  -8.5080345e-01   8.9645125e-02
   1.4000000e+00  -8.4399450e-01   9.8592766e-02
   1.4100000e+00  -8.3685566e-01   1.0694580e-01
   1.4200000e+00  -8.2922416e-01   1.1480942e-01
   1.4300000e+00  -8.2110889e-01   1.2239527e-01
   1.4400000e+00  -8.1268032e-01   1.2955484e-01
   1.4500000e+00  -8.0392108e-01   1.3664312e-01
   1.4600000e+00  -7.9531205e-01   1.4297955e-01
   1.4700000e+00  -7.8656767e-01   1.4938945e-01
   1.4800000e+00  -7.7783011e-01   1.5526978e-01
   1.4900000e+00  -7.6920211e-01   1.6034971e-01
   1.5000000e+00  -7.6070630e-01   1.6508155e-01
   1.5100000e+00  -7.5244713e-01   1.6932540e-01
   1.5200000e+00  -7.4446928e-01   1.7321069e-01
   1.5300000e+00  -7.3662923e-01   1.7655189e-01
   1.5400000e+00  -7.2892635e-01   1.7988540e-01
   1.5500000e+00  -7.2153769e-01   1.8261617e-01
   1.5600000e+00  -7.1456861e-01   1.8509107e-01
   1.5700000e+00  -7.0782568e-01   1.8716674e-01
   1.5800000e+00  -7.0106689e-01   1.8890754e-01
   1.5900000e+00  -6.9371648e-01   1.9112322e-01
   1.6000000e+00  -6.8608045e-01   1.9397107e-01
   1.6100000e+00  -6.7782487e-01   1.9709268e-01
   1.6200000e+00  -6.6914963e-01   2.0049927e-01
   1.6300000e+00  -6.6025647e-01   2.0399113e-01
   1.6400000e+00  -6.5143314e-01   2.0785683e-01
   1.6500000e+00  -6.4298363e-01   2.1166716e-01
   1.6600000e+00  -6.3480294e-01   2.1584583e-01
   1.6700000e+00  -6.2729350e-01   2.2000315e-01
   1.6800000e+00  -6.1980563e-01   2.2428476e-01
   1.6900000e+00  -6.1224527e-01   2.2870396e-01
   1.7000000e+00  -6.0441593e-01   2.3351359e-01
   1.7100000e+00  -5.9682539e-01   2.3806914e-01
   1.7200000e+00  -5.8950013e-01   2.4250348e-01
   1.7300000e+00  -5.8218191e-01   2.4701313e-01
   1.7400000e+00  -5.7466447e-01   2.5177900e-01
   1.7500000e+00  -5.6718789e-01   2.5687946e-01
   1.7600000e+00  -5.5953407e-01   2.6164217e-01
   1.7700000e+00  -5.5177861e-01   2.6640368e-01
   1.7800000e+00  -5.4388583e-01   2.7116521e-01
   1.7900000e+00  -5.3626910e-01   2.7592675e-01
   1.8000000e+00  -5.2865971e-01   2.8068834e-01
   1.8100000e+00  -5.2105081e-01   2.8545066e-01
   1.8200000e+00  -5.1344194e-01   2.9022433e-01
   1.8300000e+00  -5.0583309e-01   2.9482698e-01
   1.8400000e+00  -4.9822453e-01   2.9944947e-01
   1.8500000e+00  -4.9062032e-01   3.0391061e-01
   1.8600000e+00  -4.8314161e-01   3.0820346e-01
   1.8700000e+00  -4.7260761e-01   3.1433026e-01
   1.8800000e+00  -4.6340785e-01   3.1901122e-01
   1.8900000e+00  -4.5559882e-01   3.2333458e-01
   1.9000000e+00  -4.4809979e-01   3.2740764e-01
   1.9100000e+00  -4.4090948e-01   3.3133089e-01
   1.9200000e+00  -4.3433480e-01   3.3555629e-01
   1.9300000e+00  -4.2948710e-01   3.3902441e-01
   1.9400000e+00  -4.2537026e-01   3.4238487e-01
   1.9500000e+00  -4.2360514e-01   3.4299080e-01
   1.9600000e+00  -4.2394069e-01   3.4298445e-01
   1.9700000e+00  -4.2488038e-01   3.4298441e-01
   1.9800000e+00  -4.2488262e-01   3.4298441e-01
   1.9900000e+00  -4.2488263e-01   3.4298441e-01
   2.0000000e+00  -4.2488263e-01   3.4298441e-01
