   1.0000000e-02  -7.9577465e-01  -7.8841871e-01
   2.0000000e-02  -7.9577465e-01  -7.8841840e-01
   3.0000000e-02  -7.9577465e-01  -7.8841316e-01
   4.0000000e-02  -7.9577465e-01  -7.8843035e-01
   5.0000000e-02  -7.9577465e-01  -7.8844456e-01
   6.0000000e-02  -7.9577465e-01  -7.8793582e-01
   7.0000000e-02  -7.9577465e-01  -7.8591327e-01
   8.0000000e-02  -7.9577465e-01  -7.8363014e-01
   9.0000000e-02  -7.9577465e-01  -7.8096242e-01
   1.0000000e-01  -7.9577465e-01  -7.7763999e-01
   1.1000000e-01  -7.9577465e-01  -7.7415495e-01
   1.2000000e-01  -7.9577465e-01  -7.7043891e-01
   1.3000000e-01  -7.9577464e-01  -7.6679941e-01
   1.4000000e-01  -7.9577469e-01  -7.6330546e-01
   1.5000000e-01  -7.9577471e-01  -7.5938055e-01
   1.6000000e-01  -7.9577524e-01  -7.5609742e-01
   1.7000000e-01  -7.9577311e-01  -7.5248950e-01
   1.8000000e-01  -7.9577469e-01  -7.4862370e-01
   1.9000000e-01  -7.9578304e-01  -7.4466446e-01
   2.0000000e-01  -7.9575642e-01  -7.4058210e-01
   2.1000000e-01  -7.9576506e-01  -7.3626265e-01
   2.2000000e-01  -7.9599510e-01  -7.3164629e-01
   2.3000000e-01  -7.9635975e-01  -7.2674411e-01
   2.4000000e-01  -7.9668519e-01  -7.2151042e-01
   2.5000000e-01  -7.9696724e-01  -7.1594258e-01
   2.6000000e-01  -7.9737403e-01  -7.1039728e-01
   2.7000000e-01  -7.9800578e-01  -7.0491584e-01
   2.8000000e-01  -7.9868168e-01  -6.9912215e-01
   2.9000000e-01  -7.9932136e-01  -6.9314373e-01
   3.0000000e-01  -7.9996678e-01  -6.8719478e-01
   3.1000000e-01  -8.0061665e-01  -6.8125801e-01
   3.2000000e-01  -8.0126363e-01  -6.7529673e-01
   3.3000000e-01  -8.0191071e-01  -6.6924354e-01
   3.4000000e-01  -8.0255955e-01  -6.6316218e-01
   3.5000000e-01  -8.0320611e-01  -6.5703526e-01
   3.6000000e-01  -8.0384960e-01  -6.5080513e-01
   3.7000000e-01  -8.0451114e-01  -6.4456830e-01
   3.8000000e-01  -8.0515199e-01  -6.3830783e-01
   3.9000000e-01  -8.0568062e-01  -6.3193762e-01
   4.0000000e-01  -8.0614645e-01  -6.2544989e-01
   4.1000000e-01  -8.0663235e-01  -6.1870999e-01
   4.2000000e-01  -8.0713394e-01  -6.1154066e-01
   4.3000000e-01  -8.0758527e-01  -6.0424107e-01
   4.4000000e-01  -8.0791907e-01  -5.9710578e-01
   4.5000000e-01  -8.0812911e-01  -5.9007426e-01
   4.6000000e-01  -8.0828162e-01  -5.8316494e-01
   4.7000000e-01  -8.0843947e-01  -5.7631641e-01
   4.8000000e-01  -8.0859604e-01  -5.6929093e-01
   4.9000000e-01  -8.0878383e-01  -5.6206354e-01
   5.0000000e-01  -8.0893680e-01  -5.5476712e-01
   5.1000000e-01  -8.0886888e-01  -5.4756867e-01
   5.2000000e-01  -8.0866609e-01  -5.4044080e-01
   5.3000000e-01  -8.0850251e-01  -5.3321363e-01
   5.4000000e-01  -8.0838235e-01  -5.2583513e-01
   5.5000000e-01  -8.0813747e-01  -5.1817546e-01
   5.6000000e-01  -8.0766765e-01  -5.1016521e-01
   5.7000000e-01  -8.0715350e-01  -5.0217562e-01
   5.8000000e-01  -8.0667574e-01  -4.9426675e-01
   5.9000000e-01  -8.0619288e-01  -4.8595315e-01
   6.0000000e-01  -8.0570328e-01  -4.7718700e-01
   6.1000000e-01  -8.0521777e-01  -4.6820744e-01
   6.2000000e-01  -8.0474193e-01  -4.5898988e-01
   6.3000000e-01  -8.0423642e-01  -4.4935895e-01
   6.4000000e-01  -8.0373671e-01  -4.3931765e-01
   6.5000000e-01  -8.0344100e-01  -4.2906496e-01
   6.6000000e-01  -8.0329403e-01  -4.1859244e-01
   6.7000000e-01  -8.0314807e-01  -4.0770674e-01
   6.8000000e-01  -8.0309643e-01  -3.9627225e-01
   6.9000000e-01  -8.0311805e-01  -3.8446097e-01
   7.0000000e-01  -8.0311892e-01  -3.7270429e-01
   7.1000000e-01  -8.0310169e-01  -3.6122059e-01
   7.2000000e-01  -8.0313677e-01  -3.4977832e-01
   7.3000000e-01  -8.0329095e-01  -3.3809349e-01
   7.4000000e-01  -8.0354807e-01  -3.2621340e-01
   7.5000000e-01  -8.0370138e-01  -3.1411850e-01
   7.6000000e-01  -8.0343925e-01  -3.0170252e-01
   7.7000000e-01  -8.0272078e-01  -2.8915774e-01
   7.8000000e-01  -8.0159474e-01  -2.7666533e-01
   7.9000000e-01  -7.9995806e-01  -2.6411903e-01
   8.0000000e-01  -7.9733828e-01  -2.5127293e-01
   8.1000000e-01  -7.9327904e-01  -2.3816308e-01
   8.2000000e-01  -7.8779779e-01  -2.2521172e-01
   8.3000000e-01  -7.8105159e-01  -2.1254629e-01
   8.4000000e-01  -7.7316411e-01  -2.0019466e-01
   8.5000000e-01  -7.6420140e-01  -1.8837089e-01
   8.6000000e-01  -7.5450646e-01  -1.7676856e-01
   8.7000000e-01  -7.4434889e-01  -1.6515686e-01
   8.8000000e-01  -7.3316369e-01  -1.5406110e-01
   8.9000000e-01  -7.2086392e-01  -1.4353890e-01
   9.0000000e-01  -7.0797670e-01  -1.3338549e-01
   9.1000000e-01  -6.9428338e-01  -1.2377764e-01
   9.2000000e-01  -6.7964573e-01  -1.1483364e-01
   9.3000000e-01  -6.6434369e-01  -1.0647833e-01
   9.4000000e-01  -6.4834465e-01  -9.8524232e-02
   9.5000000e-01  -6.3163123e-01  -9.1001500e-02
   9.6000000e-01  -6.1422358e-01  -8.4122191e-02
   9.7000000e-01  -5.9605632e-01  -7.7865447e-02
   9.8000000e-01  -5.7701955e-01  -7.1992823e-02
   9.9000000e-01  -5.5695998e-01  -6.6390224e-02
   1.0000000e+00  -5.3620854e-01  -6.1008571e-02
   1.0100000e+00  -5.1520220e-01  -5.5739595e-02
   1.0200000e+00  -4.9383098e-01  -5.0512011e-02
   1.0300000e+00  -4.7202129e-01  -4.5227907e-02
   1.0400000e+00  -4.4996109e-01  -3.9953913e-02
   1.0500000e+00  -4.2788812e-01  -3.4994919e-02
   1.0600000e+00  -4.0585196e-01  -3.0179337e-02
   1.0700000e+00  -3.8389567e-01  -2.5194608e-02
   1.0800000e+00  -3.6231267e-01  -2.0462434e-02
   1.0900000e+00  -3.4159232e-01  -1.6222362e-02
   1.1000000e+00  -3.2199669e-01  -1.2087125e-02
   1.1100000e+00  -3.0349868e-01  -7.7302710e-03
   1.1200000e+00  -2.8594376e-01  -3.1836708e-03
   1.1300000e+00  -2.6910543e-01   1.4706196e-03
   1.1400000e+00  -2.5296003e-01   6.3406214e-03
   1.1500000e+00  -2.3724960e-01   1.1362648e-02
   1.1600000e+00  -2.2169367e-01   1.6443250e-02
   1.1700000e+00  -2.0683784e-01   2.1765216e-02
   1.1800000e+00  -1.9278624e-01   2.7420628e-02
   1.1900000e+00  -1.7907257e-01   3.3310894e-02
   1.2000000e+00  -1.6600801e-01   3.9331105e-02
   1.2100000e+00  -1.5381994e-01   4.5444729e-02
   1.2200000e+00  -1.4210287e-01   5.1759180e-02
   1.2300000e+00  -1.3067527e-01   5.8224580e-02
   1.2400000e+00  -1.1968961e-01   6.4687301e-02
   1.2500000e+00  -1.0939715e-01   7.1165622e-02
   1.2600000e+00  -9.9890102e-02   7.7529004e-02
   1.2700000e+00  -9.1238791e-02   8.3679141e-02
   1.2800000e+00  -8.3626966e-02   8.9826277e-02
   1.2900000e+00  -7.6690869e-02   9.5932325e-02
   1.3000000e+00  -6.9896192e-02   1.0177252e-01
   1.3100000e+00  -6.3400069e-02   1.0743834e-01
   1.3200000e+00  -5.7382267e-02   1.1298129e-01
   1.3300000e+00  -5.1794536e-02   1.1823177e-01
   1.3400000e+00  -4.6579257e-02   1.2338455e-01
   1.3500000e+00  -4.1660652e-02   1.2850139e-01
   1.3600000e+00  -3.6938111e-02   1.3340257e-01
   1.3700000e+00  -3.2320244e-02   1.3833713e-01
   1.3800000e+00  -2.7834183e-02   1.4335530e-01
   1.3900000e+00  -2.3429840e-02   1.4822000e-01
   1.4000000e+00  -1.8974916e-02   1.5298099e-01
   1.4100000e+00  -1.4525168e-02   1.5776975e-01
   1.4200000e+00  -1.0285081e-02   1.6266231e-01
   1.4300000e+00  -6.1987757e-03   1.6768882e-01
   1.4400000e+00  -2.0853786e-03   1.7280433e-01
   1.4500000e+00   2.0002836e-03   1.7803024e-01
   1.4600000e+00   6.1255826e-03   1.8349344e-01
   1.4700000e+00   1.0507375e-02   1.8922990e-01
   1.4800000e+00   1.4933058e-02   1.9487892e-01
   1.4900000e+00   1.9270587e-02   2.0038002e-01
   1.5000000e+00   2.3734531e-02   2.0619733e-01
   1.5100000e+00   2.8132970e-02   2.1209336e-01
   1.5200000e+00   3.2298288e-02   2.1776171e-01
   1.5300000e+00   3.6441490e-02   2.2339172e-01
   1.5400000e+00   4.0685562e-02   2.2914385e-01
   1.5500000e+00   4.5038194e-02   2.3510294e-01
   1.5600000e+00   4.9555456e-02   2.4125314e-01
   1.5700000e+00   5.4357671e-02   2.4762809e-01
   1.5800000e+00   5.9464369e-02   2.5432696e-01
   1.5900000e+00   6.4712418e-02   2.6129172e-01
   1.6000000e+00   7.0069884e-02   2.6826619e-01
   1.6100000e+00   7.5559154e-02   2.7513939e-01
   1.6200000e+00   8.1075906e-02   2.8195183e-01
   1.6300000e+00   8.6557321e-02   2.8865140e-01
   1.6400000e+00   9.2032017e-02   2.9523497e-01
   1.6500000e+00   9.7455228e-02   3.0167778e-01
   1.6600000e+00   1.0297979e-01   3.0810476e-01
   1.6700000e+00   1.0883973e-01   3.1473719e-01
   1.6800000e+00   1.1471475e-01   3.2141764e-01
   1.6900000e+00   1.2027734e-01   3.2791279e-01
   1.7000000e+00   1.2551868e-01   3.3411851e-01
   1.7100000e+00   1.3056892e-01   3.3998542e-01
   1.7200000e+00   1.3551115e-01   3.4559173e-01
   1.7300000e+00   1.4035578e-01   3.5108853e-01
   1.7400000e+00   1.4506499e-01   3.5642367e-01
   1.7500000e+00   1.4938941e-01   3.6140176e-01
   1.7600000e+00   1.5313002e-01   3.6585888e-01
   1.7700000e+00   1.5658733e-01   3.7013983e-01
   1.7800000e+00   1.5998481e-01   3.7443363e-01
   1.7900000e+00   1.6315878e-01   3.7832556e-01
   1.8000000e+00   1.6620903e-01   3.8193817e-01
   1.8100000e+00   1.6928580e-01   3.8561790e-01
   1.8200000e+00   1.7227892e-01   3.8934646e-01
   1.8300000e+00   1.7515050e-01   3.9297089e-01
   1.8400000e+00   1.7792142e-01   3.9638078e-01
   1.8500000e+00   1.8052438e-01   3.9960205e-01
   1.8600000e+00   1.8285841e-01   4.0258715e-01
   1.8700000e+00   1.8567172e-01   4.0623728e-01
   1.8800000e+00   1.8810799e-01   4.0950464e-01
   1.8900000e+00   1.9078180e-01   4.1294008e-01
   1.9000000e+00   1.9352778e-01   4.1663420e-01
   1.9100000e+00   1.9582221e-01   4.2014988e-01
   1.9200000e+00   1.9715058e-01   4.2272454e-01
   1.9300000e+00   1.9868381e-01   4.2506911e-01
   1.9400000e+00   1.9959170e-01   4.2710056e-01
   1.9500000e+00   1.9951606e-01   4.2766208e-01
   1.9600000e+00   1.9953160e-01   4.2761356e-01
   1.9700000e+00   1.9953100e-01   4.2761541e-01
   1.9800000e+00   1.9953029e-01   4.2761765e-01
   1.9900000e+00   1.9953050e-01   4.2761697e-01
   2.0000000e+00   1.9953052e-01   4.2761693e-01
